1 179.96112832111163
2 238.96104604790662
3 301.32460846534156
4 166.39162014059062
5 161.91293632064645
6 183.2870650539755
7 222.9007960314882
8 151.80531730295186
9 233.27959458805236
10 224.13363647291752
11 240.55666175305888
12 231.55966608136535
13 174.82917733881808
14 200.58518543041419
15 173.82012912417014
16 227.45240486107798
17 134.66548769932362
18 127.47246959859503
19 164.7343820900812
20 295.3037614801018
21 164.1883846379895
22 222.6049162135021
23 220.68668857014424
24 203.92571890400296
25 236.90545734345488
26 132.7941277269767
27 170.45926545570325
28 208.03918452477802
29 154.57261252136743
30 114.20883518068342
31 184.1124864891953
32 228.7199325564059
33 235.7250810440052
34 201.9762795436699
35 208.80299434046916
36 234.46429040447956
37 250.6504404927447
38 202.1354043275921
39 253.73837626197027
40 243.92586865529464
41 187.6434163379067
42 196.93043709042817
43 145.8560481443909
44 210.2457996233264
45 141.69503527970846
46 184.9434776620695
47 207.70857725928116
48 220.74697648096955
49 240.86653787207155
50 228.01620858925799
