1 95.62670993257728
2 126.12303956703666
3 165.00714199384717
4 110.83249205596938
5 92.75066154931837
6 100.38948486957008
7 101.30956897642504
8 120.12055687042175
9 85.71975064155104
10 117.57731262196017
11 103.87612965474351
12 69.34363739295055
13 98.03899532817445
14 96.57536840200402
15 80.73915766478652
16 97.55641456167699
17 149.6825184310658
18 117.90399934599446
19 126.88851100992112
20 131.69456749012275
21 119.8844082576387
22 157.75831192012618
23 101.42057685550986
24 161.65444118347105
25 84.8699427764862
26 97.09945544969521
27 89.37412628695283
28 67.53210257185523
29 105.406902673619
30 74.90071305110018
31 107.7583183020852
32 113.97227659573873
33 101.02323774728603
34 118.71483107467431
35 109.47662626923744
36 115.76365341137269
37 107.42728071557191
38 102.83532947350842
39 102.82324068659798
40 96.77899678299909
41 96.5226145115443
42 141.15716015627444
43 99.21255808149455
44 94.88708547193522
45 94.3758671750664
46 130.2489243626249
47 109.93841553315463
48 125.6488144550333
49 80.09730127501668
50 92.16387818334563
