1 33.048315481299866
2 35.176849733449664
3 38.459700486187664
4 36.059788198867004
5 43.23876348462284
6 36.15127998917227
7 41.471728704042995
8 46.943310971948435
9 40.365415519205996
10 50.01452980970924
11 29.81902785652984
12 26.41762676938294
13 28.271182231745296
14 56.56450129956867
15 30.302557209069303
16 27.512421079780683
17 22.86637737908837
18 21.839981989502483
19 45.67356430727465
20 51.551287169941496
21 30.118604393602293
22 35.36529998249759
23 27.09205778172814
24 37.55524279610101
25 39.26476430447172
26 35.070599783183845
27 47.43896252602691
28 31.15361459649541
29 33.884674774178045
30 30.124531991369796
31 43.81407329889085
32 39.64004554794483
33 28.02938372039415
34 22.897160100507726
35 41.24763646015489
36 26.669166159527368
37 33.130945641752476
38 45.697877289664376
39 27.59126716312862
40 35.90536202654283
41 28.221204497061485
42 52.08063476587036
43 24.437851227456225
44 31.20318747672707
45 31.914761599225354
46 28.965995966676672
47 19.77190125446371
48 30.339655903459533
49 26.091389469675523
50 51.81359303512967
