1 125.95309777016837
2 98.3890395848576
3 114.00751219924484
4 99.93231092731419
5 138.4299773325591
6 115.88767969475977
7 97.73339345697538
8 137.8656083756973
9 112.28446801845651
10 145.4702039486551
11 91.84780732777257
12 63.91167943223591
13 110.04108401455986
14 127.81578351471126
15 80.40872253704863
16 87.67950034358785
17 119.40144953674242
18 126.97370741639294
19 157.31540580216242
20 147.8428736132161
21 92.32220212357217
22 142.28976943156567
23 126.95060933596808
24 143.10140134418725
25 97.00755754563296
26 131.83483770273804
27 154.22516408914075
28 99.36023596210251
29 109.54156681109676
30 113.80880548230124
31 92.30489072127692
32 135.88591434786056
33 122.77288723813311
34 109.49984206857572
35 115.52326753333425
36 112.55065861584573
37 67.40332075188665
38 116.96994239898541
39 64.05736370355997
40 125.02066246123934
41 100.43346804640143
42 118.7789399572045
43 164.36030541690002
44 67.68265453417929
45 73.17349054396396
46 121.56871480900764
47 82.50904783551017
48 103.32121049168467
49 80.88250352477789
50 112.04371716198672
