1 83.87343109905318
2 79.56287238592223
3 102.14251945566524
4 118.69535545688618
5 92.22077021912463
6 116.48829791067784
7 95.64520706916261
8 115.26997721797653
9 125.57476501435491
10 117.82687544360257
11 140.23589066238586
12 121.25733865449328
13 107.62420019182822
14 101.48115785350629
15 101.74782020077893
16 104.63340516780504
17 121.78629400046628
18 155.30524362633963
19 144.52441471667035
20 104.56995304933663
21 104.84885827559665
22 77.99024279418126
23 150.31433748662985
24 98.43331831291883
25 168.56561598426626
26 143.81967141620538
27 89.83318559297999
28 123.3711183290888
29 122.68313253347107
30 95.60329552412291
31 90.96353805102456
32 105.98015489898867
33 148.95320956781808
34 97.297872775059
35 93.08691769955156
36 96.598209624602
37 131.39428966155236
38 155.03090347089906
39 87.49557396201153
40 83.2629031100939
41 100.68524507213928
42 111.35011046758642
43 132.22062839334004
44 98.24533043860579
45 119.36489818410635
46 99.42409816882557
47 135.42130742636462
48 138.63117362536062
49 122.97194504134414
50 107.10757117261356
51 143.85374066953767
52 96.77683747382687
53 137.79679238022212
54 128.32759754279036
55 115.12071828338944
56 117.00622943044088
57 103.78775218371186
58 105.45447702384087
59 125.87341730389868
60 119.22491646913029
61 127.90475672361531
62 116.84472245367019
63 156.89458237259927
64 98.32150331637219
65 115.99050300217168
66 80.35918121853396
67 123.73803618227745
68 86.82237860827104
69 112.35655645602232
70 134.908041788667
71 75.05277305429043
72 116.40493830536143
73 97.42348493917034
74 99.00822953860059
75 94.2926100557689
76 95.09817551698205
77 79.81229475382021
78 107.55097232694038
79 85.96575911080589
80 89.68879774658373
81 114.90060406888006
82 94.48769719300614
83 74.07653659268676
84 122.23033971581644
85 106.62996869765858
86 96.79874345675937
87 94.28241856028117
88 136.69946070624172
89 86.4448454915163
90 83.81149306627091
91 123.58937187457238
92 110.76597761544267
93 114.69400659193744
94 132.56160898129446
95 129.38984429530913
96 93.44158268111879
97 122.68563485557934
98 87.52365668984426
99 113.73457552305571
100 123.64533665346197
101 95.26760104999987
102 90.3251118115293
103 148.76593441542764
104 82.73065279578263
105 120.1393598795475
106 144.8969065597936
107 127.41198977869435
108 111.25064529135496
109 90.46893226400157
110 94.14666543616752
111 132.2377363201102
112 109.70793629384556
113 92.90991347195542
114 64.48202912350006
115 79.91762000619954
116 95.08585230465542
117 117.0157402575761
118 105.40883213585136
119 117.86682918739619
120 108.34170100551722
121 92.92655734102945
122 94.17637691661923
123 88.2428430627947
124 99.53254390999048
125 101.14111700032467
126 109.41732999609253
127 75.80481884973896
128 121.10333966672191
129 148.3202288517626
130 121.92981687409623
131 82.5065275239445
132 88.91068925496134
133 115.93560112011241
134 89.90776377671739
135 92.70719628449903
136 107.76600204593626
137 115.31783098120074
138 86.97820815144509
139 106.01198177099226
140 100.36928274639412
141 117.99187557376024
142 109.96928360766952
143 79.79608554679116
144 102.90964385342758
145 120.1385925760759
146 101.90600274184877
147 97.87920564197962
148 96.15231413820841
149 164.95574324746465
150 64.80748391846514
151 120.36771280057248
152 107.0150260178447
153 98.43712431288417
154 78.2507570495127
155 110.53911939856273
156 87.35750196316852
157 100.24195742398892
158 108.74171287557112
159 77.12697662977389
160 78.42583449396471
161 113.05143300262763
162 105.14623785253151
163 86.846125347239
164 70.85285032013874
165 103.07584119060516
166 83.55756278858578
167 130.74969887205333
168 75.10689179655205
169 96.08816517587199
170 92.67866939877251
171 95.5697498821251
172 98.34566211247689
173 123.33224323752421
174 147.59071667863407
175 94.55633780382854
176 110.56474290277049
177 91.75449263648437
178 106.02193138317047
179 93.44421347367312
180 90.00380846007374
181 112.19523111716212
182 87.7627194627687
183 102.29556916100826
184 103.51345193925162
185 100.76376628263397
186 120.11073535980208
187 149.7929690674877
188 111.65149577264906
189 124.25880946305435
190 96.50368086020403
191 85.15914306454579
192 84.76529718921729
193 151.28101612226988
194 129.78008708380798
195 131.38546011600621
196 59.85427665150058
197 86.12241102720871
198 143.3597002601361
199 69.39336906837198
200 90.82386582227848
201 93.70636658850837
202 103.632658465455
203 122.48204576801865
204 88.3407772941344
205 135.40803752426388
206 130.42924580201756
207 92.17668117585933
208 140.74325906097036
209 99.50900640064802
210 136.30956410844658
211 85.14586192640694
212 108.4050286272218
213 92.15158570874394
214 112.84866373398609
215 119.3579276940734
216 116.17267872599143
217 83.33476320008485
218 168.83828745905282
219 113.86710633340795
220 120.63764067661697
221 120.59486438925488
222 128.25561151639627
223 134.88983625376852
224 124.96295892505998
225 130.66389558606002
226 88.8944774764572
227 137.7227547257776
228 111.59928047100438
229 78.71425697460418
230 108.37737222153105
231 75.2456004064702
232 145.80609276741023
233 78.52505537425762
234 81.35892029657212
235 76.93720357798038
236 97.25149399736156
237 106.33662776388209
238 85.54135982704202
239 85.79367825809314
240 119.96059475658367
241 98.17183362081887
242 126.41569386676137
243 103.97201968420183
244 136.95313409824334
245 102.65196906766921
246 147.23267218443516
247 84.4375150327104
248 78.2786623898332
249 108.9921325511376
250 92.31990399951374
251 151.8095659056517
252 111.89448695582635
253 89.32829293224411
254 137.26405928838392
255 102.80381061019598
256 115.85410595247248
257 131.13493652629816
258 114.318265847452
259 99.99480013954546
260 112.01973861371384
261 89.75737546798734
262 121.90190436164524
263 100.19004475622779
264 74.12786624581904
265 103.96765973521079
266 82.83210165264241
267 134.89521832212912
268 109.83606709244735
269 69.78728780792059
270 111.88114188888024
271 65.09580871164812
272 119.11934968510863
273 100.23513169966719
274 114.47990408636194
275 89.74960397628877
276 87.96583485229779
277 113.09819276189197
278 119.17466037041919
279 116.84889518273718
280 121.26254241941584
281 119.85959703280861
282 102.91983807070096
283 119.72697675176899
284 89.26664911534237
285 62.169876004138175
286 113.99380987130844
287 95.47296053329433
288 105.59705805611004
289 75.59821957384725
290 112.56409217750381
291 117.71057815575402
292 115.74637834401466
293 122.90157179949165
294 99.74777787512856
295 119.1843861833068
296 107.25478279887206
297 78.02734443111255
298 129.34512590445425
299 130.2568725237109
300 108.60484509232064
301 88.37016674240043
302 144.01330608599966
303 62.797090215097036
304 81.89086895117838
305 142.26640249154417
306 103.98803520495707
307 88.89648646647721
308 76.16723770873888
309 70.17297525019612
310 70.58678133368475
311 112.32335522823614
312 97.5464107097233
313 101.70331661246762
314 114.08673011085546
315 105.81988144709831
316 126.3379223587021
317 108.15494845736053
318 92.23184708325714
319 95.6681796711227
320 92.46194122024596
321 93.87780629609432
322 105.14900988315361
323 83.53369883288426
324 120.48896167147177
325 110.89395978541947
326 120.46139545334253
327 93.31709505261955
328 105.16152214873962
329 86.96419388715049
330 98.4686692426544
331 125.96156099119185
332 107.32198933391192
333 123.94440369608773
334 87.80566867138482
335 141.78776230552418
336 135.4913883133518
337 101.71169961407759
338 74.67454072652335
339 102.28592169193678
340 123.69371005447185
341 76.98119311770193
342 128.65099135662106
343 76.94115860687764
344 127.19048874208816
345 76.9197045675344
346 135.27900381320742
347 78.86880708543767
348 93.61207949745612
349 91.85346388860839
350 105.3081704012964
351 120.09456359173768
352 112.05231160671848
353 103.72970160962277
354 112.3046111452634
355 151.00118620372487
356 91.82042968371749
357 124.065142260383
358 102.20093696080339
359 121.29900518566059
360 117.18813186755565
361 145.20211361576497
362 88.74971439199044
363 101.32684349692083
364 97.67197230977672
365 90.0381339263448
366 165.53289632615824
367 94.60780127003504
368 92.60564130400535
369 83.33268595269095
370 120.16459143958012
371 96.4297688166491
372 140.74945096218153
373 114.59478280295725
374 126.35131934567218
375 100.43503165919327
376 89.69462400487417
377 135.22870436585936
378 104.10502395217172
379 129.2238218903162
380 151.82151915636467
381 141.07910143400215
382 74.49490775065391
383 122.23343242691938
384 115.81167546590909
385 93.8262612674674
386 96.49692704372899
387 167.57894556895567
388 117.40173976607608
389 134.76042782574638
390 125.26057386536704
391 116.57628840984577
392 111.63892395798884
393 97.11312986618749
394 125.94945193262404
395 89.63415459600914
396 89.0079577669532
397 86.05813241738495
398 73.92383329267493
399 111.93552001281628
400 109.14838290355728
401 73.68488248499708
402 150.72681394209016
403 111.76846124401858
404 98.00086980709456
405 115.50577561865225
406 102.983197664105
407 146.44159873939114
408 87.4825001243433
409 136.21751727049738
410 85.47543000838535
411 98.10831710608173
412 91.23342266432213
413 150.1396657608515
414 80.47830775531034
415 76.90099437044417
416 136.0617505066909
417 76.25865036998721
418 85.13185008591118
419 98.46105174071509
420 104.49252612479793
421 142.82248721543297
422 126.71381212661348
423 121.27033503499925
424 78.81421804525883
425 121.41762035039852
426 107.9719122734044
427 139.33155079539523
428 80.24436757574462
429 108.03426810542022
430 71.86032163534742
431 80.39348252676497
432 83.13728260131728
433 113.7452901513513
434 99.46244235634587
435 111.86407966907134
436 91.00567934641545
437 145.83037903365602
438 90.10029437203504
439 79.27893584497984
440 128.4923014778024
441 96.03322274940452
442 111.55711336876666
443 99.82416055157006
444 132.27365718269482
445 67.26396283837977
446 169.74625240989553
447 90.8810271268815
448 116.03257859087498
449 96.06589553576242
450 135.3014502382617
451 133.87062927157515
452 77.15840103081992
453 88.38919683890357
454 91.59917965893754
455 103.08153621085829
456 105.28344695475005
457 126.5774827939699
458 115.76859193014046
459 122.4575279397415
460 138.29629070854816
461 138.5262606418702
462 98.09657533211785
463 98.37827455283175
464 106.7597443679259
465 113.101338696954
466 96.80112525064499
467 123.98664627503834
468 103.45616512088787
469 115.6141225793544
470 124.57034485033672
471 102.83459227884653
472 131.05754754890498
473 119.04502895341479
474 91.0838609901687
475 77.83422355617903
476 174.9994225732172
477 105.23284623558897
478 102.64413466652874
479 106.829562245186
480 97.72082354410126
481 89.39761549550292
482 116.99428202619715
483 84.32420350292863
484 113.05778839040568
485 112.7300891438493
486 133.4723749823952
487 84.23881963718314
488 79.51610246515514
489 112.28132850970306
490 99.31684720242549
491 98.91258456240558
492 69.0006389430216
493 140.73596714898946
494 140.0755020666441
495 135.09772173504246
496 129.7704963262941
497 111.61430414076032
498 107.52069916427052
499 78.42803358336711
500 60.093488495079946
