247
759
300
34
62
743
31
667
73
6
58
250
179
423
54
535
9
85
86
595
882
230
1281
352
59
118
535
1014
1036
242
808
8
1153
136
441
990
631
38
225
53
113
21
94
313
333
12
32
432
193
517
147
1065
9
699
811
115
176
239
226
91
105
98
106
86
200
817
162
414
320
206
29
265
81
257
239
86
88
43
35
517
158
295
628
95
227
168
82
167
1040
409
303
192
29
745
314
643
183
56
170
318
502
395
418
508
355
402
173
606
611
176
300
425
79
119
84
177
135
121
580
335
646
132
688
625
1212
48
108
305
517
65
445
607
165
187
429
37
227
345