1 85.63608166171429
2 122.05869412651963
3 121.43675095965472
4 81.42770758110048
5 100.21644559248023
6 138.5549117317017
7 116.16172844314696
8 139.47721730680837
9 102.86961147768444
10 102.25129327791383
11 140.3477051863815
12 84.03838719727406
13 128.46120592928017
14 84.50806861616731
15 104.84615321977589
16 111.17309419287207
17 115.38107154091632
18 92.67549536872565
19 120.6451964914692
20 88.35977556038665
21 92.59746364152878
22 114.66289402073502
23 83.21220116901488
24 110.49046843992862
25 159.68831969336756
26 137.610545194413
27 123.55137181737022
28 112.62855327432696
29 148.26256589531786
30 81.5893319429886
31 136.80959804649655
32 110.42343279120722
33 101.25046722605099
34 94.73019273181355
35 116.44976127307822
36 161.6911340586862
37 110.85200775550936
38 124.92267641295862
39 98.43846537446029
40 86.92676080179906
41 129.82061477979212
42 98.60271217078774
43 89.2750664886395
44 75.4847884233791
45 118.77839819781306
46 104.6702495898716
47 107.97034557464013
48 122.35633163699781
49 82.79424274268735
50 97.46100104556717
